000 01 100 06 200
001 0F 000 00 000
000 01 100 06 200
001 0D 000 00 000
100 00 000 00 001
000 01 100 06 200
001 0D 000 00 000
000 01 100 06 200
001 0D 000 00 000
100 00 000 00 001
101 00 000 00 002
000 0D 000 00 000
001 00 000 00 000
002 00 000 00 001
003 00 000 00 001
004 00 000 00 001
005 00 000 00 001
006 00 000 00 001
007 00 000 00 001
008 00 000 00 001
009 00 000 00 001
00A 00 000 00 001
00B 00 000 00 001
00C 00 000 00 001
00D 00 000 00 001
00E 00 000 00 001
00F 00 000 00 001
010 00 000 00 001
011 00 000 00 001
012 00 000 00 001
013 00 000 00 001
014 00 000 00 001
015 00 000 00 001
016 00 000 00 001
017 00 000 00 001
018 00 000 00 001
019 00 000 00 001
01A 00 000 00 001
01B 00 000 00 001
01C 00 000 00 001
01D 00 000 00 001
01E 00 000 00 001
01F 00 000 00 001
020 00 000 00 001
021 00 000 00 001
022 00 000 00 001
023 00 000 00 001
024 00 000 00 001
025 00 000 00 001
026 00 000 00 001
027 00 000 00 001
028 00 000 00 001
029 00 000 00 001
02A 00 000 00 001
02B 00 000 00 001
02C 00 000 00 001
02D 00 000 00 001
02E 00 000 00 001
02F 00 000 00 001
030 00 000 00 001
031 00 000 00 001
032 00 000 00 001
033 00 000 00 001
034 00 000 00 001
035 00 000 00 001
036 00 000 00 001
037 00 000 00 001
038 00 000 00 001
039 00 000 00 001
03A 00 000 00 001
03B 00 000 00 001
03C 00 000 00 001
03D 00 000 00 001
03E 00 000 00 001
03F 00 000 00 001
040 00 000 00 001
041 00 000 00 001
042 00 000 00 001
043 00 000 00 001
044 00 000 00 001
045 00 000 00 001
046 00 000 00 001
047 00 000 00 001
048 00 000 00 001
049 00 000 00 001
04A 00 000 00 001
04B 00 000 00 001
04C 00 000 00 001
04D 00 000 00 001
04E 00 000 00 001
04F 00 000 00 001
050 00 000 00 001
051 00 000 00 001
052 00 000 00 001
053 00 000 00 001
054 00 000 00 001
055 00 000 00 001
056 00 000 00 001
057 00 000 00 001
058 00 000 00 001
059 00 000 00 001
05A 00 000 00 001
05B 00 000 00 001
05C 00 000 00 001
05D 00 000 00 001
05E 00 000 00 001
05F 00 000 00 001
060 00 000 00 001
061 00 000 00 001
062 00 000 00 001
063 00 000 00 001
064 00 000 00 001
065 00 000 00 001
066 00 000 00 001
067 00 000 00 001
068 00 000 00 001
069 00 000 00 001
06A 00 000 00 001
06B 00 000 00 001
06C 00 000 00 001
06D 00 000 00 001
06E 00 000 00 001
06F 00 000 00 001
070 00 000 00 001
071 00 000 00 001
072 00 000 00 001
073 00 000 00 001
074 00 000 00 001
075 00 000 00 001
076 00 000 00 001
077 00 000 00 001
078 00 000 00 001
079 00 000 00 001
07A 00 000 00 001
07B 00 000 00 001
07C 00 000 00 001
07D 00 000 00 001
07E 00 000 00 001
07F 00 000 00 001
080 00 000 00 001
081 00 000 00 001
082 00 000 00 001
083 00 000 00 001
084 00 000 00 001
085 00 000 00 001
086 00 000 00 001
087 00 000 00 001
088 00 000 00 001
089 00 000 00 001
08A 00 000 00 001
08B 00 000 00 001
08C 00 000 00 001
08D 00 000 00 001
08E 00 000 00 001
08F 00 000 00 001
090 00 000 00 001
091 00 000 00 001
092 00 000 00 001
093 00 000 00 001
094 00 000 00 001
095 00 000 00 001
096 00 000 00 001
097 00 000 00 001
098 00 000 00 001
099 00 000 00 001
09A 00 000 00 001
09B 00 000 00 001
09C 00 000 00 001
09D 00 000 00 001
09E 00 000 00 001
09F 00 000 00 001
0A0 00 000 00 001
0A1 00 000 00 001
0A2 00 000 00 001
0A3 00 000 00 001
0A4 00 000 00 001
0A5 00 000 00 001
0A6 00 000 00 001
0A7 00 000 00 001
0A8 00 000 00 001
0A9 00 000 00 001
0AA 00 000 00 001
0AB 00 000 00 001
0AC 00 000 00 001
0AD 00 000 00 001
0AE 00 000 00 001
0AF 00 000 00 001
0B0 00 000 00 001
0B1 00 000 00 001
0B2 00 000 00 001
0B3 00 000 00 001
0B4 00 000 00 001
0B5 00 000 00 001
0B6 00 000 00 001
0B7 00 000 00 001
0B8 00 000 00 001
0B9 00 000 00 001
0BA 00 000 00 001
0BB 00 000 00 001
0BC 00 000 00 001
0BD 00 000 00 001
0BE 00 000 00 001
0BF 00 000 00 001
0C0 00 000 00 001
0C1 00 000 00 001
0C2 00 000 00 001
0C3 00 000 00 001
0C4 00 000 00 001
0C5 00 000 00 001
0C6 00 000 00 001
0C7 00 000 00 001
0C8 00 000 00 001
0C9 00 000 00 001
